0
0.5
1
1.5
2
2.5
3
3.5
4
4.5
5
5.5
6
6.5
7
7.5
8
8.5
9
9.5
10
10.5
11
11.5
12
12.5
13
13.5
14
14.5
15
15.5
16
16.5
17
17.5
18
18.5
19
19.5
20
20.5
21
21.5
22
22.5
23
23.5
23.5516
23.0516
22.5516
22.0516
21.5516
21.0516
20.5516
20.0516
19.5516
19.0516
18.5516
18.0516
17.5516
17.0516
16.5516
16.0516
15.5516
15.0516
14.5516
14.0516
13.5516
13.0516
12.5516
12.0516
11.5516
11.0516
10.5516
10.0516
9.55156
9.05156
8.55156
8.05156
7.55156
7.05156
6.55156
6.05156
5.55156
5.05156
4.55156
4.05156
3.55156
3.05156
2.55156
2.05156
1.55156
1.05156
0.551561
0.0515611
-0.448439
-0.948439
-1.44844
-1.94844
-2.44844
-2.94844
-3.44844
-3.94844
-4.44844
-4.94844
-5.44844
-5.94844
-6.44844
-6.94844
-7.44844
-7.94844
-8.44844
-8.94844
-9.44844
-9.94844
-10.4484
-10.9484
-11.4484
-11.9484
-12.4484
-12.9484
-13.4484
-13.9484
-14.4484
-14.9484
-15.4484
-15.9484
-16.4484
-16.9484
-17.4484
-17.9484
-18.4484
-18.9484
-19.4484
-19.9484
-20.4484
-20.9484
-21.4484
-21.9484
-22.4484
-22.9484
-23.4484
-23.5703
-23.5703
-23.5703
-23.5703
-23.5703
-23.5703
-23.5703
-23.5703
-23.5703
-23.5703
-23.5703
-23.5703
-23.5703
-23.4671
-22.9671
-22.4671
-21.9671
-21.4671
-20.9671
-20.4671
-19.9671
-19.4671
-18.9671
-18.4671
-17.9671
-17.4671
-16.9671
-16.4671
-15.9671
-15.4671
-14.9671
-14.4671
-13.9671
-13.4671
-12.9671
-12.4671
-11.9671
-11.4671
-10.9671
-10.4671
-9.96705
-9.46705
-8.96705
-8.46705
-7.96705
-7.46705
-6.96705
-6.46705
-5.96705
-5.46705
-4.96705
-4.46705
-3.96705
-3.46705
-2.96705
-2.46705
-1.96705
-1.46705
-0.967051
-0.467051
