0
0.0500083
0.100067
0.150225
0.200533
0.251042
0.3018
0.352858
0.404267
0.456075
0.508333
0.561092
0.6144
0.668308
0.722867
0.778125
0.834133
0.890942
0.9486
1.00716
1.06667
1.12718
1.18873
1.25139
1.3152
1.38021
1.44647
1.51403
1.58293
1.65324
1.725
1.79826
1.87307
1.94948
2.02753
2.10729
2.1888
2.27211
2.35727
2.44433
2.53333
2.62434
2.7174
2.81256
2.90987
3.00938
3.11113
3.21519
3.32159
3.43035
3.5414
3.65471
3.77023
3.8879
4.00768
4.12951
4.25335
4.37914
4.50683
4.63639
4.76774
4.90086
5.03567
5.17215
5.31023
5.44986
5.591
5.73359
5.87759
6.02294
6.1696
6.31752
6.46664
6.61691
6.76829
6.92072
7.07416
7.22856
7.38386
7.54002
7.69698
7.85469
8.01311
8.17219
8.33187
8.49211
8.65285
8.81404
8.97565
9.1376
9.29987
9.46238
9.62511
9.78798
9.95097
10.114
10.277
10.44
10.6029
10.7657
10.9283
11.0906
11.2526
11.4143
11.5756
11.7364
11.8968
12.0566
12.2158
12.3743
12.5322
12.6893
12.8456
13.0011
13.1557
13.3093
13.462
13.6136
13.7641
13.9135
14.0616
14.2085
14.3542
14.4985
14.6413
14.7828
14.9227
15.0611
15.1979
15.3331
15.4666
15.5983
15.7282
15.8563
15.9825
16.1067
16.229
16.3492
16.4673
16.5833
16.697
16.8086
16.9178
17.0247
17.1292
17.2314
17.3312
17.4287
17.5238
17.6165
17.7069
17.795
17.8806
17.9639
18.0449
18.1235
18.1998
18.2737
18.3453
18.4146
18.4818
18.5468
18.6097
18.6706
18.7295
18.7864
18.8415
18.8946
18.946
18.9957
19.0436
19.0899
19.1346
19.1778
19.2195
19.2597
19.2985
19.336
19.3721
19.4071
19.4408
19.4734
19.5049
19.5353
19.5648
19.5932
19.6209
19.6476
19.6736
19.6988
19.7233
19.7472
19.7704
19.7931
19.8154
19.8372
19.8585
19.8796
19.9003
19.9208
19.9411
19.9613
19.9813
