5
5.0025
5.01
5.0225
5.04
5.0625
5.09
5.1225
5.16
5.2025
5.25
5.3025
5.36
5.4225
5.49
5.5625
5.64
5.7225
5.81
5.9025
6
6.1025
6.21
6.3225
6.44
6.5625
6.69
6.8225
6.96
7.1025
7.25
7.4025
7.56
7.7225
7.89
8.0625
8.24
8.4225
8.61
8.8025
9
9.2025
9.41
9.6225
9.84
10.0625
10.29
10.5225
10.7582
10.9912
11.2192
11.4422
11.6602
11.8732
12.0812
12.2843
12.4823
12.6753
12.8633
13.0463
13.2243
13.3974
13.5654
13.7284
13.8864
14.0394
14.1874
14.3304
14.4685
14.6015
14.7295
14.8525
14.9705
15.0835
15.1916
15.2946
15.3926
15.4856
15.5736
15.6566
15.7346
15.8077
15.8757
15.9387
15.9967
16.0497
16.0977
16.1408
16.1788
16.2118
16.2398
16.2628
16.2808
16.2939
16.3019
16.3049
16.3029
16.2959
16.2839
16.2669
16.245
16.218
16.186
16.149
16.107
16.06
16.0081
15.9511
15.8891
15.8221
15.7501
15.6731
15.5911
15.5042
15.4122
15.3152
15.2132
15.1062
14.9942
14.8773
14.7553
14.6283
14.4963
14.3593
14.2173
14.0704
13.9184
13.7614
13.5994
13.4324
13.2604
13.0834
12.9015
12.7145
12.5225
12.3255
12.1235
11.9165
11.7046
11.4876
11.2656
11.0386
10.8066
10.5711
10.3354
10.0997
9.86395
9.62825
9.39255
9.15684
8.92114
8.68544
8.44973
8.21403
7.97833
7.74262
7.50702
7.27485
7.04768
6.82551
6.60834
6.39617
6.189
5.98683
5.78966
5.59749
5.41032
5.22815
5.05098
4.87881
4.71164
4.54947
4.3923
4.24013
4.09296
3.95079
3.81361
3.68144
3.55427
3.4321
3.31493
3.20276
3.09559
2.99342
2.89625
2.80408
2.71691
2.63474
2.55757
2.4854
2.41823
2.35606
2.29889
2.24672
2.19955
2.15737
2.1202
2.08803
2.06086
2.03869
2.02152
2.00935
2.00218
